10001100100001010000000000100010
10101100100001010000000000100010
00100000100001010000000000000100
00100100100001010000000000000100
00101000100001010000000000000100
00101100100001010000000000000100
00110000100001010000000000000100
00110100100001010000000000000100
00111000100001010000000000000100
00111100100001010000000000000100
00000100100000000000000000000100
00000100100000010000000000000100
00010000100000010000000000000100
00010100100000010000000000000100
00011000100000000000000000000100
00011100100000000000000000000100
00000000100001010010000001000000
00000000100001010010000001000010
00000000100001010010000001000011
00000000100001010010000000000100
00000000100001010010000000000110
00000000100001010010000000000111
00000000100001010010000000100000
00000000100001010010000000100001
00000000100001010010000000100010
00000000100001010010000000100011
00000000100001010010000000100100
00000000100001010010000000100101
00000000100001010010000000100110
00000000100001010010000000100111
00000000100001010010000000101010
00000000100001010010000000101011
00000000100001010010000000001000
00000000100001010010000000001001
00001000000000000000000000001001
00001100000000000000000000001001
00000000000000000000000000001111